start=9752.175000
speed=1.464100
