start=9771.688355
speed=1.100000
fullscreen=no
