start=3255.377125
speed=1.331000
sub-delay=1.200000
